function z = e_price()
%GETPRICER 此处显示有关此函数的摘要
%   此处显示详细说明
    out = [4.266e-05,4.024e-05,3.38200000000000e-05,3.38500000000000e-05,3.39200000000000e-05,3.25500000000000e-05,3.25800000000000e-05,3.24400000000000e-05,3.19800000000000e-05,2.87100000000000e-05,5.33000000000000e-05,3.70200000000000e-05,4.23500000000000e-05,3.85500000000000e-05,3.36000000000000e-05,3.35000000000000e-05,3.34300000000000e-05,3.22000000000000e-05,3.17100000000000e-05,3.17100000000000e-05,2.87300000000000e-05,2.77800000000000e-05,1.47400000000000e-05,4.26300000000000e-05,3.73000000000000e-05,3.72300000000000e-05,3.57700000000000e-05,3.33900000000000e-05,3.33900000000000e-05,3.32200000000000e-05,3.31900000000000e-05,3.31600000000000e-05,3.51300000000000e-05,3.32600000000000e-05,3.32200000000000e-05,3.31900000000000e-05,3.31900000000000e-05,3.31600000000000e-05,3.32600000000000e-05,3.32900000000000e-05,3.21300000000000e-05,2.87300000000000e-05,3.14900000000000e-05,3.16200000000000e-05,3.15800000000000e-05,3.15200000000000e-05,3.55000000000000e-05,2.86800000000000e-05,5.37000000000000e-05,2.86500000000000e-05,2.86500000000000e-05,3.18700000000000e-05,3.17400000000000e-05,2.87600000000000e-05,3.16500000000000e-05,3.08900000000000e-05,3.60600000000000e-05,3.74200000000000e-05,4.29100000000000e-05,5.27000000000000e-05,5.24000000000000e-05,3.21200000000000e-05,2.70000000000000e-05,3.22500000000000e-05,3.26000000000000e-05,3.27400000000000e-05,3.40800000000000e-05,3.63500000000000e-05,3.81600000000000e-05,3.83200000000000e-05,4.38500000000000e-05,5.29000000000000e-05,1.00000000000000e-05,5.22000000000000e-05,5.21000000000000e-05,3.70900000000000e-05,3.69900000000000e-05,3.35300000000000e-05,3.10200000000000e-05,3.69200000000000e-05,3.07300000000000e-05,3.48700000000000e-05,3.70300000000000e-05,2.75800000000000e-05,2.22300000000000e-05,2.19300000000000e-05,2.74800000000000e-05,3.32500000000000e-05,3.66300000000000e-05,3.47800000000000e-05,3.57800000000000e-05,3.57800000000000e-05,3.47900000000000e-05,3.52500000000000e-05,3.57800000000000e-05,3.45200000000000e-05,3.38200000000000e-05,3.42900000000000e-05,3.44800000000000e-05,3.57800000000000e-05,3.69100000000000e-05,3.68800000000000e-05,3.78100000000000e-05,3.78100000000000e-05,3.71600000000000e-05,3.71300000000000e-05,3.78500000000000e-05,3.67100000000000e-05,3.63700000000000e-05,3.67100000000000e-05,3.78100000000000e-05,3.77300000000000e-05,3.80900000000000e-05,3.80500000000000e-05,3.79700000000000e-05,3.79700000000000e-05,3.80500000000000e-05,3.80900000000000e-05,3.83100000000000e-05,3.75000000000000e-05,3.57100000000000e-05,3.60700000000000e-05,3.76200000000000e-05,3.83600000000000e-05,3.84400000000000e-05,3.88500000000000e-05,3.92400000000000e-05,3.91500000000000e-05,3.88100000000000e-05,3.90200000000000e-05,3.90600000000000e-05,3.95700000000000e-05,4.00100000000000e-05,4.12100000000000e-05,4.65700000000000e-05,4.69600000000000e-05,4.69600000000000e-05,4.69600000000000e-05,4.67600000000000e-05,4.72200000000000e-05,4.69100000000000e-05,4.69100000000000e-05,4.70100000000000e-05,4.67600000000000e-05,4.08900000000000e-05,4.69100000000000e-05,4.29500000000000e-05,4.33500000000000e-05,4.26700000000000e-05,3.98400000000000e-05,4.22600000000000e-05,4.23000000000000e-05,3.97600000000000e-05,4.23000000000000e-05,4.23000000000000e-05,3.99900000000000e-05,3.87000000000000e-05,3.94000000000000e-05,3.97600000000000e-05,3.95600000000000e-05,3.93000000000000e-05,3.92600000000000e-05,3.94000000000000e-05,3.94800000000000e-05,3.87000000000000e-05,3.85600000000000e-05,3.85300000000000e-05,3.96000000000000e-05,3.98200000000000e-05,3.97600000000000e-05,3.98500000000000e-05,3.99600000000000e-05,3.97600000000000e-05,3.96000000000000e-05,3.97600000000000e-05,3.97600000000000e-05,3.93100000000000e-05,3.93100000000000e-05,3.98500000000000e-05,3.99600000000000e-05,4.29600000000000e-05,4.28100000000000e-05,4.23100000000000e-05,4.12000000000000e-05,4.00600000000000e-05,4.08600000000000e-05,4.22300000000000e-05,4.03000000000000e-05,4.09700000000000e-05,3.96900000000000e-05,3.98700000000000e-05,4.00900000000000e-05,4.33200000000000e-05,4.29200000000000e-05,4.29600000000000e-05,4.23100000000000e-05,4.23100000000000e-05,4.29600000000000e-05,4.29000000000000e-05,4.22700000000000e-05,4.22700000000000e-05,4.29200000000000e-05,4.45200000000000e-05,3.99000000000000e-05,3.55800000000000e-05,3.58100000000000e-05,3.86700000000000e-05,3.90700000000000e-05,3.59200000000000e-05,3.86700000000000e-05,3.86800000000000e-05,3.86800000000000e-05,3.86400000000000e-05,3.86400000000000e-05,3.85200000000000e-05,3.48800000000000e-05,2.90500000000000e-05,2.90500000000000e-05,3.32200000000000e-05,2.90800000000000e-05,2.79500000000000e-05,2.79500000000000e-05,2.90200000000000e-05,2.90200000000000e-05,2.90200000000000e-05,2.90200000000000e-05,2.89600000000000e-05,2.78500000000000e-05,2.85900000000000e-05,2.79700000000000e-05,2.76100000000000e-05,2.59300000000000e-05,2.58500000000000e-05,2.57600000000000e-05,2.58500000000000e-05,2.75800000000000e-05,2.75800000000000e-05,2.87500000000000e-05,2.92800000000000e-05,3.34100000000000e-05,3.92000000000000e-05,3.55900000000000e-05,3.93900000000000e-05,3.93900000000000e-05,3.95200000000000e-05,3.99500000000000e-05,4.27300000000000e-05,4.73100000000000e-05,4.19300000000000e-05,3.99100000000000e-05,3.98600000000000e-05,4.60300000000000e-05,3.94200000000000e-05,3.92300000000000e-05,3.83800000000000e-05,3.43200000000000e-05,3.43200000000000e-05,3.47800000000000e-05,3.40700000000000e-05,3.42900000000000e-05,3.29500000000000e-05,2.73100000000000e-05,2.70800000000000e-05,3.98400000000000e-05,4.23300000000000e-05,4.20100000000000e-05,3.95700000000000e-05,3.73200000000000e-05,3.65100000000000e-05,3.45200000000000e-05,3.30900000000000e-05,3.06600000000000e-05,2.90900000000000e-05,2.65800000000000e-05,2.51000000000000e-05,4.29400000000000e-05,4.15500000000000e-05,4.06400000000000e-05,3.79000000000000e-05,3.52100000000000e-05,3.21000000000000e-05,3.22700000000000e-05,3.23000000000000e-05,3.23000000000000e-05,3.11400000000000e-05,2.66800000000000e-05,1.82300000000000e-05,3.02000000000000e-05;
