function request_arriving_rate = get_arriving_rates()
%GET 此处显示有关此函数的摘要
% 单位是每分钟的任务个数

%     request_arriving_rate=[11772,6327,5806,9462,15811,8564,12542,...
%         4979,11082,17219,5673,2533,1221,7618,1604,6643,9858,8496,15220,...
%         8402,8335,3369,454,808,9470,5915,4329,1465,6142,3291,7643,5535,11330,...
%         3432,11761,3573,6680,8887,928,4860,3078,11376,9819,1099,21928,551,3670,...
%         9292,2708,5368,805,4679,2991,14153,1654,5815,1384,2217,1519,1518,21911,...
%         6372,7585,3577,2572,1270,1099,1149,1693,1110,605,3145,629,6938,895,719,...
%         406,1398,6628,5970,2006,3718,2078,6316,939,787,6592,5002,4062,695,4303,...
%         1130,4995,6382,8383,4437,7948,12422,2319,1555,8182,2201,3351,2844,2129,...
%         1063,8550,7937,4823,1287,6032,9952,6569,8887,295,2970,1610,651,1056,608,...
%         1275,1640,1700,1337,858,3639,2669,663,937,1658,1171,1348,2248,1454,815,...
%         1815,4734,3306,2799,901,791,782,5487,2117,1229,1007,3367,1374,4831,339,...
%         606,337,1235,469,657,1436,809,1435,367,3136,1068,1045,3195,2098,4439,4776,...
%         3191,2996,4937,3253,1063,2624,4524,13256,11092,9504,5835,6953,1545,3633,...
%         5697,7635,2310,3420,1895,3547,5113,1873,7405,1670,8220,534,3086,2008,9335,...
%         11791,20749,25534,24325,9587,10115,16370,15345,11835,4083,3174,8335,16012,...
%         16604,18059,13270,10429,12438,19672,10736,12239,9277,8199,5742,7128,7742,...
%         5508,17057,22289,8317,14534,5727,2021,13134,8098,9611,15916,16641,7857,...
%         10333,5007,11814,18577,15722,4734,11276,10231,8504,14639,8098,14971,12517,...
%         10832,10372,9449,9032,10370,17629,13100,7399,12651,4337,16803,6053,6655,...
%         10178,9121,22621,18858,12579,10265,20525,14310,8203,4197,13461,2142,3584,...
%         13457,8448,11795,7284,15257,11794,11207,13204,7885,12861,11843,7668,2019,8112,5843]/60;
    cntPriorities =[1371,2374,1482,1564,1357,8455,3736,1819,2027,1133,1139,1453,2822,1063,2896,3641,2349,1114,1029,1119,1158,1110,1081,2414,2660,1088,2909,1480,1356,1147,1168,1143,1238,1132,1254,1205,1099,1623,4964,19995,6935,1027,6587,963,3218,10019,6093,3049,1611,1006,5408,2110,1298,987,1080,5307,2362,1135,1759,1062,1198,1084,6851,1407,1447,1139,3425,3071,2076,1591,2824,3169,3180,6163,3427,7209,2716,1834,2720,2006,2636,3628,2532,6025,1931,1983,3079,7018,5203,3903,1097,4876,1644,15007,5946,2776,4976,2600,7709,1721,2958,1571,1481,1240,1880,1295,31494,1364,1285,3669,7463,2101,7533,2544,5086,1752,973,1999,1847,2744,3275,3158,2816,5369,1404,30705,11594,3366,7018,7109,11635,6579,2330,3647,2744,8758,4637,5444,6580,10625,7345,4581,2062,2102,3217,1421,2754,3778,3019,2687,2052,3344,3224,3975,6829,6450,7569,31594,3042,10529,5817,1793,924,902,1973,1028,33608,2794,3511,2647,10537,16036,15134,6188,8919,5893,5697,17338,2063,1492,2517,5642,2131,1806,6050,1635,1476,1908,2654,7956,1579,3643,5248,2494,18725,6436,4780,2670,2231,2110,2087,2274,4639,2440,3259,2001,3192,15841,9483,8433,10300,6092,13262,10349,5723,8038,6403,8008,33800,12177,7873,6845,11259,4437,5115,3413,3106,2509,6275,3386,3070,6434,5224,10904,14566,16086,16228,15655,6549,10372,9848,3600,13544,20879,18962,20866,15891,9029,7188,13428,5738,6506,5200,4991,4500,9155,10912,5574,9365,13308,5063,1470,2070,2761,11823,5252,7241,4368,10521,10921,6075,6755,8009,3023,13728,8937,3003,4507,5573,3096,21843,7954,28135,15955,20524,15744,16641,4637,9154,7409,4858,6996,6470,24726,6769,7112,1304,18867,4945,11519,10817,13899,5747,11987,19115,17706,18230,7825,42257,53887,71816,94067,91641,96599,98498,68416,64313,53485,32080,31494,97915,116397,60910,127834,141134,153732,181009,129407,198870,204749,170978,138641,181436,174150,179896,174316,192384,160132,97923,106947,96846,87958,82677,133932,131770,131216,135882,145116,158029,208268,196779,180323,205387,151310,74773,100557,120259,151609,79671,197664,86657,71939,194471,191866,215026,202882,214270,214535,208134,215230,200015,188890,154832,40028,14508,19197,10933,8785,11651,16076,7249,8578,11318,13723,8356,10833,7982,8262,8405,4238,6748,4490,7817,7244,5346,6158,5252,17302,15887,10880,9085,9098,7820,1303,2017,4625,5717,11986,9781,3676,13131,17406,18212,6066,10873,14987,12812,4656,12430,4446,7024,10873,8858,7821,4273,10341,7600,8349,10881,19339,7891,19246,7141,9736,8105,5555,6170,3308,5998,33343,11335,11022,9716,12540,11019,15264,2873,5492,5273,13017,11077,13778,16166,9013,9963,9109,3049,8747,2796,9121,5686,9937,8937,3609,15935,15015,13057,9869,5010,14088,6454,10594,5283,6027,7707,10157,12614,5630,2948,1903,10653,1755,5051,3738,3643,3292,12335,16134,12731,5707,6810,11713,8741,7049,11178,6904,8748,7705,5836,7050,6084,5510,6624,7045,3874,8912,19690,4945,7271,7702,6722,8799,5087,9824,11498,15417,16065,7471,5841,12851,3879,2078,6037,11167,7778,6934,4162,8952,4888,7215,9456,10081,9527,6464,6715,4323,4948,3594,8092,4194,5465,2265,6683,4516,4954,3228,7637,3303,4597,6551,2586,2160,5340,5757,13021,5028,5572,2865,9032,2952,8319,1400,1482,1498,14589,4503,8053,8676,15100,18968,9599,26790,3387,7315,7157,4360,2025,1252,1308,1395,1772,6003,16466,5028,3267,3913,13517,5525,9378,5759,9855,6963,12409,10430,6637,3532,10067,6897,7244,7522,4898,2487,6044,5164,7521,8419,8241,2589,3010,2002,1622,11605,5333,3016,3299,3582,4032,3611,6959,4641,5651,1893,1257,16687,1478,22912,3064,1402,1044,3952,3448,1081,1116,5145,993,1083,3470,11691,9480,2511,4935,1201,2474,4936,2151,9945,7043,2373,7352,6309,6261,5313,1234,1002,12950,2505,3653,1377,3900,2031,3295,1558,1942,1586,1678,2293,9321,9418,1186,1284,1313,3501,2434,1493,7182,9401,5875,1676,1385,1223,2334,2521,1336,1709,3959,5925,7237,6890,5310,6444,9515,4480,8468,6038,4702,4396,2160,2894,4937,5203,3933,1677,3201,12816,15454,4045,5571,3338,13263,8963,6586,6196,5758,3134,6631,1858,4325,5243,4226,5107,7561,8439,4527,2784,21204,5276,6113,3932,3696,5972,15035,6056,8669,5960,1737,21947,1764,7309,8910,6857,3069,2995,2473,5205,1682,5737,3721,6930,2618,2015,1878,3408,2218,4702,1805,1447,6282,11844,6477,2712,3448,10803,9454,1513,6251,2367,7068,2203,4682,5832,8637,1311,1929,1389,2515,4582,5691,1202,1781,5868,2745,6601,5663,1620,2499,5635,2397,7301,3527,1628,6747,4053,3215,5040,3018,2086,4700,2028,1498,2113,1965,8418,5988,1797,1714,3102,2255,2537,7774,27423,2953,2589,3286,4387,3010,10635,5159,3571,3877,2230,1561,4250,3932,5924,2195,5852,2648,2200,2788,1351,5026,8835,5763,11918,3583,3011,3612,5685,5510,5314,2977,4259,16394,7168,6699,5921,2182,5212,2152,14897,2414,8686,7349,9628,9626,11972,4769,2047,13846,13939,20090,10866,31170,7295,5538,3639,11359,4242,4158,6381,4214,1339,3139,1838,11451,1286,2509,2469,2029,1293,1675,11811,1364,1225,1161,1215,13909,1475,2056,2136,2635,1629,2039,1107,1197,1272,1085,1131,1162,1202,1692,1033,1477,2568,1968,1457,1124,2299,1425,1925,1480,1798,1843,5762,5688,9951,8369,3599,9208,3220,3175,2540,5525,3495,2505,2895,2489,8558,1908,4586,2234,3034,4427,1408,1396,1551,1784,1180,1586,1795,1493,1566,2475,1907,2754,3229,2245,2977,1252,2522,1660,2082,5362,1357,2214,1784,1804,3967,3017,3570,1964,3757,3693,1595,3165,3798,2350,2078,1412,1390,1131,1207,1839,2145,2108,2290,3863,2986,8884,3050,1584,1861,2831,1445,4737,3149,2318,1656,3679,6810,8178,2884,4827,9699,3390,4149,4555,7247,6754,4584,10140,9969,4553,5169,3235,3492,5623,3483,2742,11204,2378,5982,3119,2212,1893,3567,1916,4984,1965,11480,5360,18086,6366,10845,3032,2667,1203,4155,1175,2427,5327,1955,1615,2019,7078,5009,4126,2696,4156,1123,1120,1872,2564,1821,1741,3508,2253,2068,2048,1831,2960,2986,12458,2416,2429,2915,3755,5493,4232,4322,2071,2573,1550,7341,5602,5876,4333,4526,16819,22308,13335,3457,12706,4453,6401,12325,2686,3159,3846,12277,4708,4893,3287,2510,1586,2439,4449,12107,12513,2245,5096,7186,2165,2489,2753,2567,3733,14932,8686,4625,2863,2249,2507,1980,2738,3049,7956,2095,2830,2421,2329,5910,3120,3994,4212,3728,3795,3191,2699,2356,2788,2235,3406,7690,9918,4071,11236,3170,7388,3770,2906,2134,2631,1746,2719,3797,4133,2253,2102,1898,4558,5100,6532,8788,6138,2660,18000,4261,7616,4262,5647,10765,5293,3662,10939,2482,2538,2566,1985,1712,3703,3148,2480,3020,3825,1947,